Production Model
Test Accuracy : 0.9647
Test Loss     : 0.1878

                    precision    recall  f1-score   support

                 0     1.0000    0.9583    0.9787        24
                 1     0.9474    0.9474    0.9474        19
                 2     1.0000    0.7222    0.8387        18
                 3     0.8800    1.0000    0.9362        22
                 4     0.9286    0.8966    0.9123        29
                 5     1.0000    0.9333    0.9655        15
                 6     1.0000    1.0000    1.0000        22
                 7     1.0000    1.0000    1.0000        24
                 8     1.0000    1.0000    1.0000        24
                 9     1.0000    0.9167    0.9565        24
                10     0.9545    0.8750    0.9130        24
                20     0.9600    1.0000    0.9796        24
                30     1.0000    0.9130    0.9545        23
                40     0.9600    1.0000    0.9796        24
                50     0.9545    0.8750    0.9130        24
                60     1.0000    1.0000    1.0000        24
                70     0.9583    0.9583    0.9583        24
                80     1.0000    0.9583    0.9787        24
                90     0.9583    0.9583    0.9583        24
               100     0.9231    1.0000    0.9600        24
               200     0.8800    0.9565    0.9167        23
               300     0.9565    1.0000    0.9778        22
               400     1.0000    1.0000    1.0000        24
               500     0.9130    0.8750    0.8936        24
               600     0.9600    1.0000    0.9796        24
               700     1.0000    1.0000    1.0000        23
               800     0.7812    0.8065    0.7937        31
               900     0.7600    0.7917    0.7755        24
              1000     1.0000    0.9200    0.9583        25
           1000000     1.0000    1.0000    1.0000        18
          10000000     0.8500    1.0000    0.9189        17
                 ا     1.0000    0.9565    0.9778        23
                 ب     1.0000    1.0000    1.0000        21
                 ت     1.0000    1.0000    1.0000        19
                 ث     0.9167    1.0000    0.9565        22
                 ج     0.9565    0.8800    0.9167        25
                 ح     0.8696    0.9524    0.9091        21
                 خ     0.9200    1.0000    0.9583        23
                 د     0.9545    1.0000    0.9767        21
                 ذ     1.0000    1.0000    1.0000        23
                 ر     0.8889    1.0000    0.9412        24
                 ز     1.0000    1.0000    1.0000        23
                 س     0.9474    0.9000    0.9231        20
                 ش     1.0000    0.9167    0.9565        24
                 ص     1.0000    1.0000    1.0000        22
                 ض     1.0000    0.9565    0.9778        23
                 ط     1.0000    0.9545    0.9767        22
                 ظ     1.0000    1.0000    1.0000        22
                 ع     0.9600    1.0000    0.9796        24
                 غ     0.9600    1.0000    0.9796        24
                 ف     1.0000    1.0000    1.0000        24
                 ق     0.9600    1.0000    0.9796        24
                 ك     0.9583    0.9583    0.9583        24
                 ل     1.0000    1.0000    1.0000        21
                 م     0.9583    1.0000    0.9787        23
                 ن     0.9565    0.9167    0.9362        24
                 ه     1.0000    1.0000    1.0000        24
                 و     0.9600    1.0000    0.9796        24
                 ي     0.9545    0.9545    0.9545        22
                 ة     1.0000    1.0000    1.0000        24
                 أ     0.9565    1.0000    0.9778        22
                 ؤ     1.0000    0.9583    0.9787        24
                 ئ     0.9231    1.0000    0.9600        24
                ئـ     1.0000    1.0000    1.0000        24
                 ء     1.0000    1.0000    1.0000        24
                 إ     1.0000    1.0000    1.0000        21
                 آ     1.0000    0.9583    0.9787        24
                 ى     0.9565    0.9167    0.9362        24
                لا     1.0000    0.9565    0.9778        23
                ال     1.0000    1.0000    1.0000        24
         هيكل عظمي     1.0000    0.9583    0.9787        24
              جمجة     1.0000    1.0000    1.0000        24
         عمود فقري     1.0000    0.9583    0.9787        24
          قفص صدري     1.0000    1.0000    1.0000        24
        جهاز تنفسي     0.9167    0.9167    0.9167        24
       قصبة هوائية     0.9231    1.0000    0.9600        24
             رئتان     1.0000    0.9583    0.9787        24
       شهيق - زفير     0.9231    1.0000    0.9600        24
         جهاز هضمي     1.0000    1.0000    1.0000        24
               وجه     1.0000    0.9000    0.9474        20
             بلعوم     1.0000    0.9167    0.9565        24
               كبد     1.0000    1.0000    1.0000        24
         البنكرياس     0.9600    1.0000    0.9796        24
   الأمعاء الدقيقة     0.9600    1.0000    0.9796        24
   الأمعاء الغليظة     1.0000    1.0000    1.0000        24
   الزائدة الدودية     1.0000    1.0000    1.0000        24
         جهاز عصبي     1.0000    0.9583    0.9787        24
               قلب     0.9583    1.0000    0.9787        23
          حواس خمس     1.0000    1.0000    1.0000        21
              عضلة     0.9600    1.0000    0.9796        24
             أنسجة     1.0000    1.0000    1.0000        24
            مستشفى     1.0000    1.0000    1.0000        24
     إسعافات أولية     0.8696    0.8333    0.8511        24
          جرح نازف     1.0000    0.8696    0.9302        23
              حروق     1.0000    1.0000    1.0000        24
         مخدر/ بنج     1.0000    1.0000    1.0000        24
      عملية جراحية     0.8889    1.0000    0.9412        24
       شاش / ضمادة     0.8400    0.8750    0.8571        24
شريط لاصق / بلاستر     1.0000    0.9583    0.9787        24
            صيدلية     1.0000    1.0000    1.0000        24

          accuracy                         0.9647      2320
         macro avg     0.9668    0.9650    0.9650      2320
      weighted avg     0.9661    0.9647    0.9646      2320
